-9.9776606e-001
-9.9957952e-001
-9.9995394e-001
-9.9995341e-001
-9.9995365e-001
-9.9996074e-001
-9.9997283e-001
-9.9997006e-001
-9.9997638e-001
-9.9999154e-001
-9.9999437e-001
-9.9998802e-001
-9.9997513e-001
-9.9996767e-001
-9.9997503e-001
-9.9989015e-001
-9.9750999e-001
-9.9976850e-001
-9.9993875e-001
-9.9941963e-001
-9.9926566e-001
-9.9906555e-001
-9.9837984e-001
-9.9908257e-001
-9.9989450e-001
-9.9991767e-001
-9.9994551e-001
-9.9995106e-001
-9.9996675e-001
-9.9992621e-001
-9.9991872e-001
-9.9980037e-001
-9.9997844e-001
-9.9998142e-001
-9.9998286e-001
-9.9998487e-001
-9.9998476e-001
-9.9996758e-001
-9.9997576e-001
-9.9999326e-001
-9.9999125e-001
-9.9997814e-001
-9.9997307e-001
-9.9996788e-001
-9.9872384e-001
-9.9982563e-001
-9.9997902e-001
-9.9996765e-001
-9.9981997e-001
-9.9982150e-001
-9.9995788e-001
-9.9996209e-001
-9.9997426e-001
-9.9999146e-001
-9.9998174e-001
-9.9177792e-001
-9.9974749e-001
-9.9987690e-001
-9.9996238e-001
-9.9997300e-001
-9.9998617e-001
-9.9997486e-001
-9.9989955e-001
-9.9986166e-001
-9.9991142e-001
-9.9975027e-001
-9.8819162e-001
-9.9582815e-001
-9.9902867e-001
-9.9944172e-001
-9.9959459e-001
-9.9941286e-001
-9.9949693e-001
-9.9951852e-001
-9.9930162e-001
-9.9942357e-001
-9.9949194e-001
-9.9924024e-001
-9.9917793e-001
-8.5475226e-001
-8.1818854e-001
-8.5518387e-001
-8.8083049e-001
-8.7415695e-001
-8.4626141e-001
-8.2965791e-001
-8.4746141e-001
-8.6614307e-001
-8.7766382e-001
-8.4938260e-001
-8.3899425e-001
-8.3660705e-001
-8.2399398e-001
-8.4381251e-001
-8.3228391e-001
-7.9531194e-001
-7.9586145e-001
-8.2636743e-001
-8.2674128e-001
-8.3834375e-001
-8.3783062e-001
-8.2133224e-001
-8.2304636e-001
-8.1391912e-001
-8.3016453e-001
-8.5854093e-001
-8.3548298e-001
-8.3075402e-001
-8.7581860e-001
-6.3359117e-001
-5.9703218e-001
-6.3868671e-001
-6.8699128e-001
-6.8082418e-001
-5.9342948e-001
-5.3453400e-001
-5.1615304e-001
-5.6843601e-001
-5.9331181e-001
-4.8581101e-001
-4.8563185e-001
-5.2304096e-001
-5.2869247e-001
-5.8572189e-001
-4.2860087e-001
-3.3507216e-001
-1.9258269e-001
-4.8790772e-001
-5.8657497e-001
-4.9438980e-001
-3.5204400e-001
-4.1179379e-001
-4.8576720e-001
-7.8352407e-001
-7.7903119e-001
-8.0547077e-001
-8.2776590e-001
-7.8330245e-001
-8.1183694e-001
-8.1059589e-001
-7.4558125e-001
-7.9619491e-001
-7.9454791e-001
-7.6863090e-001
-7.7826953e-001
-8.1502879e-001
-7.9145218e-001
-7.6204775e-001
-7.7144844e-001
-7.7089638e-001
-7.8500441e-001
-8.0106448e-001
-8.2847968e-001
-8.4073864e-001
-8.3813953e-001
-8.3701941e-001
-7.9688325e-001
-7.8575601e-001
-9.9788359e-001
-9.9959981e-001
-9.9991533e-001
-9.9997216e-001
-9.9996268e-001
-9.9995448e-001
-9.9995952e-001
-9.9997363e-001
-9.9996987e-001
-9.9997705e-001
-9.9996265e-001
-9.9855815e-001
-9.9996013e-001
-9.9998042e-001
-9.9997516e-001
-9.9997780e-001
-9.9997202e-001
-9.9996265e-001
-9.9996330e-001
-9.9997077e-001
-9.9995142e-001
-9.9994673e-001
-9.9990379e-001
-9.9895366e-001
-9.9915049e-001
-9.9993964e-001
-9.9996812e-001
-9.9983788e-001
-9.9982529e-001
-9.9996828e-001
-9.9998344e-001
-9.9998412e-001
-9.9991982e-001
-9.9990297e-001
-9.7141613e-001
-9.9922883e-001
-9.9987533e-001
-9.9988472e-001
-9.9993512e-001
-9.9996499e-001
-9.9996621e-001
-9.9996785e-001
-9.9996326e-001
-9.9996071e-001
-9.9995409e-001
-9.7777770e-001
-9.9702780e-001
-9.9922762e-001
-9.9990880e-001
-9.9993293e-001
-9.9990200e-001
-9.9985098e-001
-9.9986182e-001
-9.9993779e-001
-9.9992564e-001
-9.9991167e-001
-9.9825327e-001
-9.9958674e-001
-9.9976575e-001
-9.9987173e-001
-9.9987775e-001
-9.9995894e-001
-9.9996934e-001
-9.9997132e-001
-9.9996585e-001
-9.9995888e-001
-9.9997491e-001
-9.9997495e-001
-9.9994747e-001
-8.3841867e-001
-7.7020937e-001
-7.6232504e-001
-8.2897553e-001
-8.7655143e-001
-8.5691731e-001
-8.2876615e-001
-8.2421940e-001
-8.3015809e-001
-8.2794762e-001
-8.1762634e-001
-8.3827924e-001
-8.6267836e-001
-8.7353651e-001
-8.8891411e-001
-7.8004804e-001
-7.3846683e-001
-7.6691865e-001
-8.3525613e-001
-8.5624243e-001
-8.0648854e-001
-7.9869487e-001
-7.9858569e-001
-7.8279449e-001
-8.1602932e-001
-8.2537981e-001
-8.2085605e-001
-8.2762743e-001
-8.4742087e-001
-4.4126497e-001
-4.0941276e-001
-5.2760501e-001
-4.5345262e-001
-3.9369149e-001
-5.6623246e-001
-4.5323647e-001
-3.7296460e-001
-1.7962469e-001
-2.5586656e-001
-3.2067498e-001
-2.7057903e-001
-3.0557303e-001
-2.3132012e-001
-2.5986790e-001
-4.2204016e-001
-3.6788569e-001
-4.4095455e-001
-4.3392003e-001
-3.7890026e-001
-3.0700668e-001
-2.7564605e-001
-3.1926739e-001
-6.6247719e-001
-6.4452830e-001
-7.0177541e-001
-7.5721250e-001
-7.5639908e-001
-7.6466679e-001
-7.6970994e-001
-7.3460035e-001
-7.2095560e-001
-6.4677496e-001
-6.9153086e-001
-7.2081861e-001
-6.8760563e-001
-7.3845970e-001
-7.1261614e-001
-6.7176057e-001
-6.1876115e-001
-6.2850535e-001
-7.1535345e-001
-6.8220266e-001
-7.3772861e-001
-7.4175572e-001
-7.1082867e-001
-9.9236898e-001
-9.9773250e-001
-9.9891065e-001
-9.9962288e-001
-9.9947052e-001
-9.9962407e-001
-9.9966597e-001
-9.9979751e-001
-9.9994229e-001
-9.9997242e-001
-9.9996748e-001
-9.9995375e-001
-9.9995738e-001
-9.9995451e-001
-9.9994656e-001
-9.9985137e-001
-9.9790722e-001
-9.9996490e-001
-9.9996755e-001
-9.9995406e-001
-9.9994937e-001
-9.9993727e-001
-9.9991274e-001
-9.9989297e-001
-9.9991133e-001
-9.9994370e-001
-9.9990491e-001
-9.9880698e-001
-9.9535209e-001
-9.9986341e-001
-9.9993318e-001
-9.9996486e-001
-9.9996001e-001
-9.9995785e-001
-9.9994846e-001
-9.9995131e-001
-9.9996654e-001
-9.9997288e-001
-9.9997420e-001
-9.9980702e-001
-9.9972923e-001
-9.9989177e-001
-9.9975764e-001
-9.9973131e-001
-9.9984530e-001
-9.9988608e-001
-9.9993899e-001
-9.9994411e-001
-9.9982625e-001
-9.9981416e-001
-9.9993800e-001
-9.9993943e-001
-9.1195082e-001
-9.9445599e-001
-9.9924137e-001
-9.9987981e-001
-9.9986170e-001
-9.9987329e-001
-9.9985847e-001
-9.9987402e-001
-9.9987643e-001
-9.9988398e-001
-9.9989740e-001
-9.9989576e-001
-9.9985546e-001
-9.9986632e-001
-9.9988733e-001
-9.9952446e-001
-9.7696305e-001
-9.9139796e-001
-9.9947819e-001
-9.9984015e-001
-9.9985976e-001
-9.9978307e-001
-9.9978297e-001
-9.9985838e-001
-9.9987911e-001
-9.9985789e-001
-9.9988230e-001
-9.9987860e-001
-9.9987705e-001
-9.9959087e-001
-8.8703779e-001
-8.6969246e-001
-8.6113303e-001
-8.6003460e-001
-8.5381635e-001
-8.3108184e-001
-8.4014596e-001
-8.4116912e-001
-8.6338858e-001
-8.7503273e-001
-8.6290345e-001
-8.5913121e-001
-8.6766780e-001
-8.7965147e-001
-8.7880904e-001
-8.7443592e-001
-8.5618305e-001
-8.5036418e-001
-8.4021623e-001
-8.5012890e-001
-8.5851129e-001
-8.5250878e-001
-8.4847254e-001
-8.3455877e-001
-8.4328842e-001
-8.6551860e-001
-8.6145083e-001
-8.5192537e-001
-8.5205280e-001
-8.5143967e-001
-8.5194927e-001
-5.6366859e-001
-6.2463041e-001
-6.1899820e-001
-4.9789010e-001
-3.7080372e-001
-7.4244939e-001
-6.6834603e-001
-6.8286044e-001
-7.2694197e-001
-7.2878127e-001
-7.2479582e-001
-7.3717556e-001
-6.2781351e-001
-4.5858079e-001
-4.1889694e-001
-4.8571127e-001
-4.6904229e-001
-6.1693810e-001
-6.3242096e-001
-6.0729651e-001
-6.3721775e-001
-5.2575329e-001
-3.6563054e-001
-7.1933489e-001
-7.4641871e-001
-7.5419003e-001
-7.3262538e-001
-7.6466087e-001
-7.5875935e-001
-8.0360527e-001
-8.1307433e-001
-7.4865928e-001
-7.4377879e-001
-7.7357285e-001
-6.3858711e-001
-6.5783723e-001
-7.0491555e-001
-7.4725338e-001
-7.3497117e-001
-6.8680649e-001
-6.8309197e-001
-6.7928451e-001
-6.5710613e-001
-5.4442392e-001
-6.0624955e-001
-7.1026292e-001
-6.7552798e-001
-6.6101918e-001
-6.8772677e-001
-6.7553037e-001
-6.4190932e-001
-9.6481738e-001
-9.9528268e-001
-9.9910292e-001
-9.9946635e-001
-9.9982560e-001
-9.9990416e-001
-9.9990197e-001
-9.9983477e-001
-9.9981066e-001
-9.9973235e-001
-9.9971502e-001
-9.9971706e-001
-9.9980167e-001
-9.9991204e-001
-9.9992906e-001
-9.9948189e-001
-9.9103999e-001
-9.9980045e-001
-9.9994088e-001
-9.9993033e-001
-9.9992809e-001
-9.9991288e-001
-9.9994412e-001
-9.9997344e-001
-9.9996585e-001
-9.9997238e-001
-9.9998186e-001
-9.9994966e-001
-9.8279173e-001
-9.9946834e-001
-9.9987938e-001
-9.9995216e-001
-9.9996773e-001
-9.9986343e-001
-9.9968255e-001
-9.9953113e-001
-9.9961041e-001
-9.9986869e-001
-9.9994365e-001
-9.9992205e-001
-9.9993360e-001
-9.9994293e-001
-9.9548093e-001
-9.9942784e-001
-9.9984048e-001
-9.9983175e-001
-9.9994828e-001
-9.9995962e-001
-9.9991058e-001
-9.9950169e-001
-9.9917944e-001
-9.9848401e-001
-9.9799756e-001
-9.9897499e-001
-7.6512238e-001
-9.9653746e-001
-9.9964792e-001
-9.9959148e-001
-9.9921361e-001
-9.9944273e-001
-9.9989237e-001
-9.9992220e-001
-9.9990056e-001
-9.9978880e-001
-9.9983283e-001
-9.9973860e-001
-9.3132908e-001
-9.9773565e-001
-9.9985930e-001
-9.9992402e-001
-9.9995697e-001
-9.9996064e-001
-9.9995884e-001
-9.9995938e-001
-9.9994750e-001
-9.9994855e-001
-9.9996356e-001
-9.9996917e-001
-8.4961183e-001
-8.2906726e-001
-8.3580318e-001
-8.2415783e-001
-8.0860266e-001
-8.3288347e-001
-8.6011654e-001
-8.5730280e-001
-8.4194924e-001
-8.2310708e-001
-8.2902862e-001
-8.3778677e-001
-8.0863532e-001
-8.1939801e-001
-8.8511844e-001
-8.4329266e-001
-7.9739135e-001
-7.7570644e-001
-8.1566203e-001
-8.0981521e-001
-7.6850473e-001
-8.1557718e-001
-8.3440599e-001
-7.9436935e-001
-7.9351688e-001
-8.1357574e-001
-8.2634639e-001
-8.2399566e-001
-8.4186329e-001
-3.9881931e-001
-3.7308423e-001
-4.4427601e-001
-4.9450649e-001
-5.9420384e-001
-5.0600339e-001
-2.8307678e-001
-1.5543610e-001
-2.7600687e-001
-4.0543495e-001
-4.6433497e-001
-3.4806360e-001
-3.9073462e-001
-3.3614268e-001
-9.9552011e-002
-2.1942066e-001
-2.9108613e-001
-4.0040552e-001
-3.5401103e-001
-3.6113569e-001
-3.2235921e-001
-2.5072354e-001
-5.8276012e-001
-6.5560299e-001
-6.6300773e-001
-6.6130739e-001
-6.7580402e-001
-6.7966677e-001
-6.5252525e-001
-6.5987223e-001
-5.5228447e-001
-5.9900596e-001
-6.3451905e-001
-6.4990923e-001
-6.9417480e-001
-7.0214516e-001
-6.7336211e-001
-6.7810862e-001
-5.7368518e-001
-6.1677762e-001
-6.2963469e-001
-6.7200564e-001
-6.9713631e-001
-6.9242491e-001
-6.3981409e-001
-6.3053475e-001
-9.9527317e-001
-9.9979733e-001
-9.9981740e-001
-9.9975291e-001
-9.9974493e-001
-9.9973503e-001
-9.9983588e-001
-9.9993777e-001
-9.9986885e-001
-9.9986314e-001
-9.9943064e-001
-9.9989181e-001
-9.9996097e-001
-9.9997556e-001
-9.9997703e-001
-9.9997782e-001
-9.9997055e-001
-9.9993708e-001
-9.9791851e-001
-9.9782209e-001
-9.9920548e-001
-9.9913896e-001
-9.9800329e-001
-9.9978372e-001
-9.9990951e-001
-9.9995496e-001
-9.9997449e-001
-9.9998334e-001
-9.9999350e-001
-9.9999099e-001
-9.9998319e-001
-9.9998513e-001
-9.9997612e-001
-9.9668977e-001
-9.9959557e-001
-9.9988743e-001
-9.9995229e-001
-9.9994553e-001
-9.9992936e-001
-9.9990612e-001
-9.9977689e-001
-9.9975231e-001
-9.9971175e-001
-9.9973343e-001
-9.9993208e-001
-9.9995739e-001
-9.9996140e-001
-6.5500176e-001
-9.8932464e-001
-9.9366677e-001
-9.9700565e-001
-9.9636330e-001
-9.9705825e-001
-9.9954279e-001
-9.9939353e-001
-9.9943656e-001
-9.9985604e-001
-9.9987562e-001
-9.9979211e-001
-9.9011361e-001
-9.9771169e-001
-9.9957475e-001
-9.9936969e-001
-9.9929236e-001
-9.9735546e-001
-9.9658700e-001
-9.9861398e-001
-9.9822655e-001
-9.9751340e-001
-9.9830027e-001
-9.9929258e-001
-7.2720836e-001
-7.1700838e-001
-7.1107461e-001
-6.5932713e-001
-6.8557385e-001
-7.2602874e-001
-7.3769318e-001
-8.1894862e-001
-8.6363424e-001
-8.3640395e-001
-8.3560957e-001
-8.3554585e-001
-8.1997482e-001
-7.2928467e-001
-7.2536865e-001
-7.5552241e-001
-7.9354181e-001
-7.5304614e-001
-7.1395741e-001
-7.1917187e-001
-7.1292786e-001
-6.9537296e-001
-7.1954126e-001
-7.5848359e-001
-7.7232294e-001
-7.8704217e-001
-4.6442421e-001
-3.3826732e-001
-2.9797419e-001
-3.5808395e-001
-5.3284119e-001
-3.9104982e-001
-3.3237231e-001
-8.5114248e-001
-8.6644451e-001
-8.6297365e-001
-9.2413894e-001
-8.6906050e-001
-8.6937967e-001
-8.5833413e-001
-8.6490178e-001
-8.4532188e-001
-8.2583314e-001
-4.0877654e-001
-4.1365555e-001
-3.8561858e-001
-3.0357590e-001
-2.0358285e-001
-1.8397534e-001
-7.8532076e-001
-8.0489286e-001
-8.2144120e-001
-8.1074503e-001
-8.5731531e-001
-8.5466217e-001
-8.0045631e-001
-7.9436519e-001
-3.4222220e-001
-1.7128898e-001
-1.5504808e-001
-5.5648600e-002
-1.0801954e-001
-3.0156311e-001
-1.9867826e-001
-2.8772967e-002
-8.5279231e-001
-8.9035713e-001
-8.3079453e-001
-7.7903372e-001
-8.0010404e-001
-8.2510409e-001
-8.3728779e-001
-8.7315676e-001
-9.8738594e-001
-9.9629802e-001
-9.9954299e-001
-9.9978537e-001
-9.9993135e-001
-9.9994539e-001
-9.9993936e-001
-9.9986982e-001
-9.9977516e-001
-9.9986139e-001
-9.9995809e-001
-9.9753396e-001
-9.9919872e-001
-9.9973470e-001
-9.9985683e-001
-9.9995955e-001
-9.9902821e-001
-9.9843964e-001
-9.9938115e-001
-9.9997857e-001
-9.9996921e-001
-9.9997736e-001
-9.9998175e-001
-9.9857543e-001
-9.9985750e-001
-9.9996098e-001
-9.8864902e-001
-9.8064627e-001
-9.2995158e-001
-8.8759363e-001
-9.4728540e-001
-9.9700777e-001
-9.9870665e-001
-9.9823990e-001
-9.9853919e-001
-9.9624505e-001
-9.9964493e-001
-9.9946082e-001
-9.9964903e-001
-9.9996647e-001
-9.9997187e-001
-9.9982177e-001
-9.9982850e-001
-9.9826839e-001
-9.9763885e-001
-9.9919306e-001
-9.9979795e-001
-9.9994891e-001
-9.9744916e-001
-9.9933337e-001
-9.9945852e-001
-9.9941249e-001
-9.9881547e-001
-9.9775948e-001
-9.9763976e-001
-9.9866444e-001
-9.9935918e-001
-9.9966133e-001
-9.9982890e-001
-9.9567834e-001
-9.9913101e-001
-9.9970636e-001
-9.9967052e-001
-9.9765523e-001
-9.9596644e-001
-9.9728908e-001
-9.9912916e-001
-9.9881718e-001
-9.9882693e-001
-9.9977050e-001
-9.9964991e-001
-9.9924038e-001
-9.9780298e-001
-9.9819708e-001
-6.6344015e-001
-6.5469259e-001
-6.3408921e-001
-6.0159618e-001
-6.6274271e-001
-7.2088124e-001
-6.9099108e-001
-6.8198819e-001
-6.7144396e-001
-6.2590821e-001
-6.5247971e-001
-6.6236697e-001
-6.8029900e-001
-6.8224851e-001
-6.6404829e-001
-6.5795701e-001
-6.6540720e-001
-6.6358821e-001
-6.2496425e-001
-6.1311565e-001
-6.3090689e-001
-6.3693460e-001
-6.4952795e-001
-6.6757951e-001
-6.3947201e-001
-6.2283397e-001
-3.0146536e-001
-2.6188829e-001
-3.4722186e-001
-1.9855826e-001
-2.8383699e-001
-3.5463662e-001
-1.2417068e-001
-1.7735570e-001
-1.8829133e-001
-1.6112607e-001
-1.2633122e-001
-2.8897768e-001
-2.4303349e-001
-2.0228271e-001
-7.6925193e-001
-7.6288306e-001
-7.3031705e-001
-7.0376651e-001
-7.0302447e-001
-7.3888503e-001
-8.0176270e-001
-7.9299060e-001
-7.2499407e-001
-6.6194094e-001
-7.0652957e-001
-7.7277847e-001
-7.6495485e-001
-7.0222785e-001
-6.7951821e-001
-6.8481308e-001
-7.1112823e-001
-7.3417104e-001
-7.7704398e-001
-7.3909897e-001
-6.9018718e-001
-7.0307539e-001
-7.3454716e-001
-2.6981881e-001
-2.4815484e-001
-3.8206623e-001
-2.4273954e-001
-2.1919513e-001
-1.9094062e-001
-3.4268244e-002
-9.9880764e-001
-9.9773187e-001
-9.9842650e-001
-9.9963832e-001
-9.9985399e-001
-9.9989804e-001
-9.9994948e-001
-9.9995213e-001
-9.9993956e-001
-9.9996220e-001
-9.9988530e-001
-9.9989742e-001
-9.9135460e-001
-9.9995703e-001
-9.9990217e-001
-9.9981600e-001
-9.9989514e-001
-9.9997437e-001
-9.9996439e-001
-9.9996751e-001
-9.9997351e-001
-9.9989083e-001
-9.9927978e-001
-9.8567696e-001
-9.9965168e-001
-9.9998185e-001
-9.9998819e-001
-9.9999017e-001
-9.9998816e-001
-9.9998080e-001
-9.9998042e-001
-9.9998692e-001
-9.9997913e-001
-9.9997575e-001
-9.9997872e-001
-9.8607805e-001
-9.9834164e-001
-9.9958224e-001
-9.9994350e-001
-9.9998294e-001
-9.9998330e-001
-9.9998059e-001
-9.9998512e-001
-9.9998337e-001
-9.9998206e-001
-9.9998250e-001
-9.9996814e-001
-9.2947985e-001
-9.9459856e-001
-9.9933692e-001
-9.9991207e-001
-9.9994946e-001
-9.9993840e-001
-9.9994328e-001
-9.9996399e-001
-9.9995372e-001
-9.9995216e-001
-9.9994116e-001
-9.9992508e-001
-9.9994510e-001
-9.9995158e-001
-9.9993801e-001
-9.1728861e-001
-9.9530855e-001
-9.9952242e-001
-9.9986793e-001
-9.9998315e-001
-9.9998029e-001
-9.9998283e-001
-9.9997075e-001
-9.9997019e-001
-9.9998379e-001
-9.9998467e-001
-9.9998373e-001
-9.9997656e-001
-9.9998339e-001
-9.9999427e-001
-9.9990164e-001
-7.2756462e-001
-6.3809054e-001
-6.1513946e-001
-6.9442245e-001
-7.3100323e-001
-7.6056100e-001
-7.2654763e-001
-7.0478485e-001
-6.9245447e-001
-6.4183052e-001
-6.7673561e-001
-7.7006256e-001
-7.7731059e-001
-7.7412607e-001
-7.8189366e-001
-7.2026464e-001
-6.9621569e-001
-6.9375898e-001
-7.4566376e-001
-7.3953604e-001
-7.1942626e-001
-7.3291022e-001
-6.4716175e-001
-6.3728336e-001
-6.6497876e-001
-7.3045598e-001
-7.8416794e-001
7.4740648e-002
-2.1162645e-001
-8.4440273e-002
1.7869684e-002
-1.4282937e-001
-1.0899237e-001
3.9985530e-002
-2.3700938e-001
-2.3075476e-001
-1.0020951e-001
-1.1741073e-001
-9.9184444e-002
-1.8010913e-001
-3.3922379e-001
-3.3325536e-001
-3.6197963e-001
-2.5395174e-001
-2.1499815e-001
-3.4017513e-001
-3.9779587e-001
-4.5462192e-001
-4.3631680e-001
-4.4469856e-001
-5.6456300e-001
-5.9588448e-001
-6.2278761e-001
-5.5834365e-001
-5.7306887e-001
-6.3330816e-001
-6.7730605e-001
-7.3789030e-001
-7.3160009e-001
-6.5653379e-001
-6.6712312e-001
-6.1954265e-001
-6.4037061e-001
-6.9284254e-001
-6.7566470e-001
-6.9584284e-001
-7.0922736e-001
-7.3529615e-001
-7.8176979e-001
-9.9688284e-001
-9.9927761e-001
-9.9995263e-001
-9.9992712e-001
-9.9991821e-001
-9.9815853e-001
-9.9590264e-001
-9.9740919e-001
-9.9965324e-001
-9.9989901e-001
-9.9992025e-001
-9.9929364e-001
-9.9984747e-001
-9.9987143e-001
-9.9991085e-001
-9.9995732e-001
-9.9995715e-001
-9.9998063e-001
-9.9998307e-001
-9.9997623e-001
-9.9998282e-001
-9.9682986e-001
-9.9976639e-001
-9.9998860e-001
-9.9999070e-001
-9.9998650e-001
-9.9998398e-001
-9.9999111e-001
-9.9998959e-001
-9.9997911e-001
-9.9997716e-001
-9.9996688e-001
-9.9996228e-001
-9.9996875e-001
-9.9995458e-001
-9.9995347e-001
-9.9994501e-001
-9.9993878e-001
-9.9119170e-001
-9.9835945e-001
-9.9966732e-001
-9.9985655e-001
-9.9993521e-001
-9.9915112e-001
-9.9828517e-001
-9.9911160e-001
-9.9997058e-001
-9.9996603e-001
-9.9998146e-001
-9.9997350e-001
-9.9997625e-001
-9.9044466e-001
-9.9898659e-001
-9.9896079e-001
-9.9914540e-001
-9.9984501e-001
-9.9987603e-001
-9.9974231e-001
-9.9933153e-001
-9.9917051e-001
-9.9951653e-001
-9.8439204e-001
-9.9869536e-001
-9.9960226e-001
-9.9979801e-001
-9.9981047e-001
-9.9977642e-001
-9.9986089e-001
-9.9980723e-001
-9.9976692e-001
-9.9968950e-001
-9.9967606e-001
-9.9977828e-001
-9.9974299e-001
-9.9962963e-001
-9.9973757e-001
-9.9977639e-001
-9.9977274e-001
-6.4671425e-001
-7.0440938e-001
-6.8130430e-001
-7.0357335e-001
-7.1304516e-001
-6.2901653e-001
-6.1413956e-001
-5.7303225e-001
-5.7147735e-001
-6.1440405e-001
-5.5500784e-001
-5.5702138e-001
-5.8532406e-001
-7.3268436e-001
-6.1229918e-001
-6.0657211e-001
-6.7625956e-001
-6.4507201e-001
-5.2918774e-001
-4.2210324e-001
-4.3305286e-001
-5.1756285e-001
-5.5053579e-001
-5.3754596e-001
-5.6650811e-001
-5.3903285e-001
-7.9649349e-002
-2.4579128e-001
-2.5414652e-001
-1.3465368e-001
-1.1873061e-001
-1.2446378e-001
-1.7807332e-001
-8.1907793e-002
-6.7639419e-002
-1.7756982e-001
-1.8553918e-001
5.5092662e-002
-1.6160844e-001
-1.4304604e-001
-1.0297600e-001
-8.1628261e-002
-2.4646716e-001
-2.0282103e-001
-1.5298777e-001
-5.2354684e-001
-5.7297476e-001
-6.3838551e-001
-6.7471424e-001
-6.9110458e-001
-6.5567180e-001
-5.9565364e-001
-6.3674994e-001
-6.2582993e-001
-6.5319176e-001
-7.2895085e-001
-7.6183920e-001
-6.9783262e-001
-6.2450881e-001
-6.2510094e-001
-6.9217633e-001
-6.3253863e-001
-6.2655997e-001
-7.3150033e-001
-6.9933997e-001
-6.6807357e-001
-6.7097971e-001
-6.8959552e-001
-7.3319744e-001
-9.9953676e-001
-9.9982540e-001
-9.9997913e-001
-9.9998957e-001
-9.9998248e-001
-9.9995603e-001
-9.9995946e-001
-9.9997282e-001
-9.9995938e-001
-9.9997616e-001
-9.9998656e-001
-9.9948803e-001
-9.9996450e-001
-9.9992227e-001
-9.9992433e-001
-9.9996561e-001
-9.9997711e-001
-9.9997501e-001
-9.9997989e-001
-9.9997994e-001
-9.9991924e-001
-9.9990293e-001
-9.9993398e-001
-9.9987288e-001
-9.9982698e-001
-9.9989887e-001
-9.9997100e-001
-9.9479584e-001
-9.9985320e-001
-9.9988099e-001
-9.9988943e-001
-9.9993354e-001
-9.9965328e-001
-9.9955317e-001
-9.9979085e-001
-9.9990273e-001
-9.9995810e-001
-9.9995401e-001
-9.9995237e-001
-9.9664293e-001
-9.9947576e-001
-9.9980908e-001
-9.9994391e-001
-9.9998296e-001
-9.9996976e-001
-9.9996271e-001
-9.9995463e-001
-9.9994902e-001
-9.9991231e-001
-9.9972832e-001
-9.9913144e-001
-9.9923733e-001
-9.9932375e-001
-9.9928232e-001
-9.9962504e-001
-6.5517196e-001
-9.9760921e-001
-9.9927349e-001
-9.9944942e-001
-9.9915630e-001
-9.9895616e-001
-9.9863970e-001
-9.9875369e-001
-9.9891234e-001
-9.9891128e-001
-9.9896645e-001
-9.9793016e-001
-9.9788679e-001
-9.9872713e-001
-9.9499720e-001
-9.9937583e-001
-9.9916132e-001
-9.9869974e-001
-9.9851947e-001
-9.9710793e-001
-9.9720476e-001
-9.9913190e-001
-9.9893675e-001
-9.9867383e-001
-9.9856935e-001
-9.9864597e-001
-9.9929109e-001
-6.0656442e-001
-5.8663976e-001
-6.2985498e-001
-6.7202769e-001
-6.4492794e-001
-6.1701558e-001
-6.5314872e-001
-6.9774819e-001
-7.0508343e-001
-7.0440657e-001
-7.1721543e-001
-6.9690209e-001
-7.0246349e-001
-7.4855340e-001
-7.2875371e-001
-6.6694969e-001
-6.3461206e-001
-6.5165713e-001
-7.0384846e-001
-7.2105856e-001
-7.0872671e-001
-6.7170629e-001
-6.3176956e-001
-5.9941838e-001
-6.1162490e-001
-6.8827581e-001
-7.1645945e-001
-4.3324431e-001
-5.3676931e-001
-6.2520929e-001
-4.7154306e-001
-4.4607985e-001
-6.9464126e-001
-5.9490670e-001
-5.1625973e-001
-5.8902774e-001
-4.4880260e-001
-5.3392821e-001
-6.4719708e-001
-6.3343099e-001
-4.7026406e-001
-3.9962283e-001
-5.0904392e-001
-5.7447803e-001
-4.5386274e-001
-5.5489084e-001
-6.6592687e-001
-6.8505052e-001
-5.7657851e-001
-4.7268512e-001
-4.4542546e-001
-5.1381902e-001
-6.9318180e-001
-7.1855973e-001
-7.4534452e-001
-7.6546463e-001
-7.7100331e-001
-7.3479719e-001
-6.9830710e-001
-7.5440123e-001
-8.0174035e-001
-6.9900436e-001
-7.4627518e-001
-7.6839501e-001
-7.6684589e-001
-7.4541118e-001
-7.3487525e-001
-7.4769879e-001
-7.7733529e-001
-7.7917444e-001
-7.5808658e-001
-7.9717745e-001
-7.9978610e-001
-8.0837095e-001
-7.9980438e-001
-7.7359159e-001
-7.7607665e-001
-7.9822064e-001
-8.0596144e-001
-9.9020032e-001
-9.9621506e-001
-9.9912030e-001
-9.9899725e-001
-9.9876224e-001
-9.9902184e-001
-9.9956363e-001
-9.9974600e-001
-9.9997276e-001
-9.9998414e-001
-9.9997511e-001
-9.9997458e-001
-9.9997883e-001
-9.9995756e-001
-9.9978908e-001
-9.9948698e-001
-9.9951357e-001
-9.9965246e-001
-9.9972267e-001
-9.9991477e-001
-9.9998386e-001
-9.9997626e-001
-9.9997093e-001
-9.9694271e-001
-9.9912353e-001
-9.9974410e-001
-9.9996081e-001
-9.9989345e-001
-9.9953959e-001
-9.9835125e-001
-9.9794963e-001
-9.9902502e-001
-9.9967921e-001
-9.9922027e-001
-9.9910788e-001
-9.9982233e-001
-9.9991654e-001
-9.9996197e-001
-9.9993214e-001
-9.9990303e-001
-9.9994334e-001
-9.9996034e-001
-9.9911398e-001
-9.9980972e-001
-9.9988854e-001
-9.9990243e-001
-9.9992997e-001
-9.9991258e-001
-9.9991461e-001
-9.9992510e-001
-9.9990520e-001
-9.9992165e-001
-9.9989485e-001
-9.9950977e-001
-9.9928908e-001
-9.9908742e-001
-9.9927114e-001
-9.9516350e-001
-9.9840504e-001
-9.9733520e-001
-9.9646133e-001
-9.9811526e-001
-9.9963947e-001
-9.9964166e-001
-9.9963314e-001
-9.9980454e-001
-9.9987991e-001
-9.9974876e-001
-9.9967549e-001
-9.9983042e-001
-9.9994070e-001
-9.9960948e-001
-9.9918778e-001
-9.9948553e-001
-9.9973131e-001
-9.9296362e-001
-9.9840442e-001
-9.9931491e-001
-9.9939924e-001
-9.9922566e-001
-9.9951457e-001
-9.9995431e-001
-9.9995807e-001
-9.9994778e-001
-9.9994138e-001
-9.9994166e-001
-9.9975775e-001
-9.9963930e-001
-9.9975962e-001
-9.9984752e-001
-5.5727286e-001
-5.0867708e-001
-5.6421397e-001
-6.0440929e-001
-5.6976707e-001
-4.9995363e-001
-5.1067941e-001
-5.7029185e-001
-5.9363941e-001
-5.4534637e-001
-5.2248886e-001
-6.1038593e-001
-5.7170111e-001
-5.7018575e-001
-5.6273509e-001
-5.6483373e-001
-6.2011301e-001
-6.1741082e-001
-5.2448811e-001
-4.6613502e-001
-5.0544057e-001
-4.7499902e-001
-4.9378512e-001
-3.5280591e-001
-4.3716733e-001
-3.6721234e-001
-3.1837781e-001
-4.1755176e-001
-2.5583284e-001
-1.7400718e-001
-2.6800697e-001
-5.4605100e-001
-5.1897789e-001
-4.1310513e-001
-3.6122423e-001
-3.4253798e-001
-3.3692565e-001
-8.5059362e-002
-1.7411853e-001
-2.4178811e-001
-3.5595601e-001
-4.0041449e-001
-3.7443945e-001
-2.7425544e-001
-6.3777588e-001
-6.6903150e-001
-6.7004409e-001
-6.7681029e-001
-6.8720671e-001
-6.8930595e-001
-6.9762377e-001
-7.4066366e-001
-6.5053802e-001
-6.9930763e-001
-7.1555125e-001
-7.3694914e-001
-7.6360098e-001
-7.1520015e-001
-7.0725988e-001
-7.4859952e-001
-7.3605435e-001
-7.6917682e-001
-7.3066440e-001
-7.5962120e-001
-7.8483207e-001
-7.6125744e-001
-7.7809902e-001
-8.1491329e-001
-8.0991454e-001
-9.9918110e-001
-9.9986040e-001
-9.9988937e-001
-9.9990671e-001
-9.9993872e-001
-9.9995913e-001
-9.9996332e-001
-9.9995401e-001
-9.9996088e-001
-9.9997987e-001
-9.9997383e-001
-9.9941218e-001
-9.9915474e-001
-9.9957043e-001
-9.9975900e-001
-9.9981154e-001
-9.9936623e-001
-9.9993918e-001
-9.9994601e-001
-9.9993521e-001
-9.9995759e-001
-9.9997020e-001
-9.9996085e-001
-9.9995397e-001
-9.9995022e-001
-9.9997014e-001
-9.9984612e-001
-9.8894503e-001
-9.9813202e-001
-9.9985790e-001
-9.9995781e-001
-9.9996883e-001
-9.9997962e-001
-9.9999355e-001
-9.9999443e-001
-9.9998696e-001
-9.9998062e-001
-9.9997457e-001
-9.9997989e-001
-9.9998247e-001
-9.9974582e-001
-9.9992079e-001
-9.9997879e-001
-9.9998540e-001
-9.9998709e-001
-9.9998646e-001
-9.9998231e-001
-9.9998504e-001
-9.9998636e-001
-9.9998490e-001
-9.9998470e-001
-9.9350951e-001
-9.9933697e-001
-9.9974767e-001
-9.9980961e-001
-9.9986664e-001
-9.9980504e-001
-9.9953970e-001
-9.9948832e-001
-9.9962224e-001
-9.9958314e-001
-9.9958006e-001
-9.9970609e-001
-9.9973784e-001
-9.9815750e-001
-9.4755902e-001
-9.9672859e-001
-9.9957894e-001
-9.9941112e-001
-9.9920813e-001
-9.9953284e-001
-9.9941541e-001
-9.9946065e-001
-9.9947971e-001
-9.9941470e-001
-9.9936633e-001
-9.9925796e-001
-9.9931885e-001
-9.9934790e-001
-9.9938644e-001
-9.9921473e-001
-9.9923500e-001
-9.9957029e-001
-9.9388252e-001
-8.7313367e-001
-8.3807588e-001
-8.0244957e-001
-8.1708204e-001
-7.8965825e-001
-7.7443140e-001
-7.6188410e-001
-7.4290589e-001
-7.7221419e-001
-7.7561434e-001
-7.6141995e-001
-7.6439172e-001
-7.8216273e-001
-7.8627635e-001
-8.5853471e-001
-8.3454258e-001
-8.1744647e-001
-8.2886172e-001
-8.2118407e-001
-8.1104059e-001
-8.2256717e-001
-8.2135575e-001
-7.9281942e-001
-7.9447192e-001
-8.1694051e-001
-8.2886692e-001
-8.2020200e-001
-8.1074293e-001
-8.2037546e-001
-8.4488646e-001
-7.6479726e-001
-7.8227482e-001
-7.8623790e-001
-7.2519828e-001
-7.0078078e-001
-7.6387478e-001
-7.1181838e-001
-6.3444772e-001
-5.7479075e-001
-7.4048845e-001
-6.2137920e-001
-6.4734214e-001
-7.3850305e-001
-6.8937267e-001
-6.7837655e-001
-6.8750488e-001
-6.8048168e-001
-6.6979480e-001
-5.9236892e-001
-5.9550890e-001
-6.2389656e-001
-4.9216612e-001
-5.1198384e-001
-6.3129569e-001
-6.3076091e-001
-5.9115706e-001
-5.5832966e-001
-8.2610142e-001
-7.8739661e-001
-8.2344448e-001
-8.4602347e-001
-7.9725760e-001
-8.1530934e-001
-8.5255455e-001
-8.2734896e-001
-8.0818583e-001
-7.9254224e-001
-8.0262558e-001
-7.7582628e-001
-7.6459251e-001
-8.1868642e-001
-7.9526304e-001
-7.4205289e-001
-7.7436447e-001
-7.9319559e-001
-7.4952018e-001
-7.3001666e-001
-7.9212983e-001
-7.1026831e-001
-7.0223958e-001
-7.0549264e-001
-7.2491347e-001
-7.3006639e-001
-7.4649961e-001
-7.5750690e-001
-7.2280470e-001
-7.2324456e-001
-7.8324290e-001
-9.9985869e-001
-9.9989848e-001
-9.9995261e-001
-9.9989092e-001
-9.9991024e-001
-9.9997966e-001
-9.9999387e-001
-9.9999019e-001
-9.9998151e-001
-9.9998056e-001
-9.9998718e-001
-9.9998596e-001
-9.9998737e-001
-9.9998035e-001
-9.9654877e-001
-9.9994115e-001
-9.9997718e-001
-9.9998898e-001
-9.9998789e-001
-9.9997557e-001
-9.9998403e-001
-9.9999021e-001
-9.9998536e-001
-9.9998160e-001
-9.9996752e-001
-9.9997069e-001
-9.9998901e-001
-9.9998749e-001
-9.9998352e-001
-9.9998049e-001
-9.9758118e-001
-9.9915947e-001
-9.9996984e-001
-9.9997612e-001
-9.9998170e-001
-9.9997166e-001
-9.9996521e-001
-9.9996673e-001
-9.9997349e-001
-9.9998326e-001
-9.9660144e-001
-9.9978372e-001
-9.9995837e-001
-9.9998613e-001
-9.9999102e-001
-9.9998948e-001
-9.9998316e-001
-9.9998274e-001
-9.9998421e-001
-9.9997938e-001
-9.9998357e-001
-9.9998748e-001
-9.9998218e-001
-9.9997795e-001
-9.9997812e-001
-9.6611268e-001
-9.9925713e-001
-9.9989501e-001
-9.9994313e-001
-9.9996252e-001
-9.9996450e-001
-9.9995969e-001
-9.9996108e-001
-9.9995766e-001
-9.9996627e-001
-9.9998071e-001
-9.9998265e-001
-9.9997354e-001
-9.9528195e-001
-9.9957478e-001
-9.9988534e-001
-9.9997717e-001
-9.9998360e-001
-9.9997521e-001
-9.9996964e-001
-9.9998729e-001
-9.9991356e-001
-9.9967432e-001
-9.9970717e-001
-9.9986366e-001
-9.9990433e-001
-9.9943561e-001
-9.9939631e-001
-9.9986702e-001
-7.4718007e-001
-7.2703669e-001
-7.6112823e-001
-7.3664032e-001
-7.1550505e-001
-7.0759119e-001
-6.9796086e-001
-7.0791279e-001
-7.3630868e-001
-7.6075188e-001
-7.3502240e-001
-7.2408311e-001
-7.5731781e-001
-7.2924559e-001
-7.1982669e-001
-7.6799382e-001
-7.4910133e-001
-7.2776703e-001
-7.2762382e-001
-7.7521632e-001
-8.3249949e-001
-8.3107213e-001
-8.0445767e-001
-8.0135152e-001
-8.2704620e-001
-8.0757164e-001
-8.2168964e-001
-2.7567325e-001
-3.5685469e-001
-4.1957369e-001
-4.0023834e-001
-4.1184607e-001
-3.3947578e-001
-3.1218805e-001
-4.5428920e-001
-4.1150143e-001
-5.1578233e-001
-5.3159963e-001
-5.2749040e-001
-5.1430101e-001
-4.7312555e-001
-2.8998255e-001
-3.1767559e-001
-3.9562147e-001
-4.3297685e-001
-3.8948722e-001
-3.1462770e-001
-6.3807887e-001
-7.1729249e-001
-7.3300841e-001
-6.9721162e-001
-7.5968554e-001
-7.7409427e-001
-7.2753192e-001
-7.2879913e-001
-7.3278540e-001
-7.0941888e-001
-7.2543004e-001
-7.5379258e-001
-7.4442418e-001
-7.5904611e-001
-7.3287783e-001
-6.8551115e-001
-6.2068112e-001
-6.4587853e-001
-7.5272285e-001
-6.6641738e-001
-6.5877489e-001
-7.1905150e-001
-6.8230010e-001
-6.9409859e-001
-9.9997589e-001
-9.9998973e-001
-9.9999142e-001
-9.9999420e-001
-9.9999159e-001
-9.9998374e-001
-9.9998015e-001
-9.9982202e-001
-9.9919760e-001
-9.9933644e-001
-9.9996406e-001
-9.9996844e-001
-9.9990926e-001
-9.9991670e-001
-9.9985347e-001
-9.9967981e-001
-9.9979519e-001
-9.9997201e-001
-9.9995934e-001
-9.9995450e-001
-9.9997197e-001
-9.9978607e-001
-9.9995435e-001
-9.9996986e-001
-9.9997960e-001
-9.9999159e-001
-9.9996791e-001
-9.9995420e-001
-9.9997067e-001
-9.9998298e-001
-9.9996742e-001
-9.9992915e-001
-9.9993258e-001
-9.9997003e-001
-9.9998298e-001
-9.9998312e-001
-9.9999180e-001
-9.9999814e-001
-9.9999326e-001
-9.9998272e-001
-9.9953944e-001
-9.9991099e-001
-9.9993962e-001
-9.9996653e-001
-9.9996331e-001
-9.9996612e-001
-9.9998230e-001
-9.9997918e-001
-9.9998093e-001
-9.9998504e-001
-9.9998446e-001
-9.9998348e-001
-9.9997404e-001
-9.9997584e-001
-9.9955910e-001
-9.9994391e-001
-9.9996246e-001
-9.9996609e-001
-9.9997481e-001
-9.9995518e-001
-9.9993473e-001
-9.9996038e-001
-9.9997530e-001
-9.9996906e-001
-9.9997072e-001
-9.9997518e-001
-9.9997982e-001
-9.9997645e-001
-9.9998111e-001
-9.9997792e-001
-9.9920052e-001
-9.9976273e-001
-9.9994488e-001
-9.9996921e-001
-9.9997581e-001
-9.9996223e-001
-9.9996167e-001
-9.9996941e-001
-9.9996645e-001
-9.9996740e-001
-9.9996738e-001
-9.9994333e-001
-9.9995569e-001
-9.9998369e-001
-9.9997145e-001
-9.9916411e-001
-9.9994917e-001
-9.9997389e-001
-9.9996015e-001
-9.9994379e-001
-9.9994826e-001
-9.9995818e-001
-9.9997349e-001
-9.9998264e-001
-9.9998232e-001
-9.9997609e-001
-9.9997093e-001
-9.9993847e-001
-9.9994238e-001
-9.9996672e-001
-9.9994952e-001
-9.9993310e-001
-8.7539525e-001
-8.2756195e-001
-7.7313349e-001
-7.5163711e-001
-7.7231242e-001
-7.6582002e-001
-7.5174021e-001
-8.0469683e-001
-8.1421316e-001
-8.0417861e-001
-8.2287193e-001
-8.1359470e-001
-8.1797052e-001
-8.3779315e-001
-8.7543365e-001
-8.4204488e-001
-8.0768533e-001
-8.0492203e-001
-8.0167508e-001
-7.6879195e-001
-7.7374336e-001
-8.0649042e-001
-8.0969582e-001
-8.0390869e-001
-7.9434934e-001
-7.9800174e-001
-8.1896871e-001
-8.3946251e-001
-8.6896863e-001
-7.6563548e-001
-7.3159965e-001
-7.5474774e-001
-8.0656643e-001
-7.5860079e-001
-7.0322709e-001
-7.3374539e-001
-7.1723483e-001
-6.6952059e-001
-6.3940549e-001
-8.1461939e-001
-7.5914607e-001
-7.8922615e-001
-8.3109985e-001
-8.1722494e-001
-7.8314629e-001
-7.9227014e-001
-7.7836652e-001
-7.8567570e-001
-8.3724059e-001
-7.6282204e-001
-7.7049307e-001
-8.4129798e-001
-8.1833989e-001
-7.2725617e-001
-7.4183733e-001
-7.5821643e-001
-7.3386110e-001
-7.6840906e-001
-8.2360932e-001
-7.9615288e-001
-7.8975294e-001
-7.9518263e-001
-8.0847639e-001
-8.1600791e-001
-8.0976397e-001
-7.7615823e-001
-7.6365282e-001
-7.8311854e-001
-7.9220023e-001
-8.0859183e-001
-8.3340670e-001
-7.8842738e-001
-7.6649332e-001
-7.4524000e-001
-6.6984042e-001
-7.0760949e-001
-8.1867640e-001
-7.8786005e-001
-8.0494834e-001
-8.0891298e-001
-7.8731380e-001
-7.5435691e-001
-7.8662057e-001
-7.8520242e-001
-7.6970716e-001
-7.6383887e-001
-9.9977387e-001
-9.9991196e-001
-9.9984652e-001
-9.9985082e-001
-9.9991970e-001
-9.9993405e-001
-9.9981447e-001
-9.9962254e-001
-9.9976008e-001
-9.9995225e-001
-9.9995412e-001
-9.9994608e-001
-9.9993673e-001
-9.9993792e-001
-9.9995657e-001
-9.9997945e-001
-9.9997211e-001
-9.9995010e-001
-9.9865785e-001
-9.9983871e-001
-9.9994941e-001
-9.9995566e-001
-9.9994083e-001
-9.9996042e-001
-9.9996342e-001
-9.9996599e-001
-9.9998248e-001
-9.9998224e-001
-9.9997154e-001
-9.9997169e-001
-9.9997185e-001
-9.9997696e-001
-9.9997278e-001
-9.9959760e-001
-9.9990508e-001
-9.9996788e-001
-9.9996144e-001
-9.9996763e-001
-9.9998342e-001
-9.9998935e-001
-9.9998250e-001
-9.9996992e-001
-9.9996216e-001
-9.9997519e-001
-9.9999104e-001
-9.9998964e-001
-9.9960634e-001
-9.9984223e-001
-9.9993477e-001
-9.9997226e-001
-9.9996942e-001
-9.9997845e-001
-9.9996879e-001
-9.9997673e-001
-9.9998574e-001
-9.9998109e-001
-9.9998417e-001
-9.9998407e-001
-9.9998511e-001
-9.9998417e-001
-9.9861719e-001
-9.9959235e-001
-9.9983408e-001
-9.9979173e-001
-9.9975372e-001
-9.9982575e-001
-9.9985667e-001
-9.9973979e-001
-9.9964620e-001
-9.9969852e-001
-9.9955779e-001
-9.9937911e-001
-9.9955668e-001
-9.9969791e-001
-9.9967115e-001
-9.9965675e-001
-9.9554581e-001
-9.9833988e-001
-9.9979400e-001
-9.9975672e-001
-9.9956641e-001
-9.9959827e-001
-9.9975399e-001
-9.9973146e-001
-9.9956062e-001
-9.9958016e-001
-9.9974472e-001
-9.9972254e-001
-9.9961801e-001
-9.9953258e-001
-9.9962449e-001
-9.9954472e-001
-9.9941690e-001
-8.4474042e-001
-8.0088579e-001
-7.5236160e-001
-7.5663358e-001
-8.0347076e-001
-7.9508143e-001
-7.7576561e-001
-8.0503580e-001
-8.0604402e-001
-8.0673781e-001
-8.3069120e-001
-8.2362998e-001
-8.2853882e-001
-8.6643890e-001
-8.2233704e-001
-7.9788170e-001
-7.9062405e-001
-7.9195646e-001
-8.0956735e-001
-7.9444383e-001
-7.7657119e-001
-7.5946403e-001
-7.5259963e-001
-7.6865440e-001
-7.7397194e-001
-7.6863555e-001
-7.7699700e-001
-7.5841267e-001
-7.1893705e-001
-7.5439879e-001
-7.6485834e-001
-7.2259262e-001
-7.6582483e-001
-7.0495699e-001
-6.6547184e-001
-6.4515376e-001
-7.9498333e-001
-8.1335956e-001
-8.2333680e-001
-8.1805739e-001
-8.3610341e-001
-8.7062106e-001
-8.3241580e-001
-7.4056021e-001
-7.1850853e-001
-7.9596396e-001
-8.1535751e-001
-8.2140571e-001
-8.3089367e-001
-8.1967378e-001
-8.1504285e-001
-8.3111295e-001
-8.2272128e-001
-8.1924323e-001
-8.3810733e-001
-8.2727653e-001
-8.1605681e-001
-8.2354966e-001
-8.1373054e-001
-8.2012333e-001
-8.6033722e-001
-8.3271174e-001
-8.0142568e-001
-8.0757686e-001
-7.9801149e-001
-7.8161196e-001
-8.2472786e-001
-8.3409296e-001
-7.9624664e-001
-7.7874239e-001
-8.2226304e-001
-8.2824270e-001
-7.8856762e-001
-7.9331886e-001
-7.7434237e-001
-7.5344778e-001
-7.7772832e-001
-7.4439427e-001
-6.7890742e-001
-7.2207547e-001
-7.0129690e-001
-6.6954271e-001
-7.0403213e-001
-9.9988376e-001
-9.9995723e-001
-9.9997037e-001
-9.9998228e-001
-9.9997975e-001
-9.9998818e-001
-9.9994524e-001
-9.9988465e-001
-9.9991816e-001
-9.9997387e-001
-9.9999093e-001
-9.9998703e-001
-9.9996880e-001
-9.9996288e-001
-9.9998057e-001
-9.9998624e-001
-9.9998036e-001
-9.9996242e-001
-9.9976951e-001
-9.9934359e-001
-9.9953736e-001
-9.9961481e-001
-9.9967106e-001
-9.9439788e-001
-9.9434088e-001
-9.9977208e-001
-9.9996939e-001
-9.9996486e-001
-9.9990981e-001
-9.9990175e-001
-9.9965804e-001
-9.9952799e-001
-9.9975522e-001
-9.9967795e-001
-9.9971230e-001
-9.9985880e-001
-9.9948522e-001
-9.9947633e-001
-9.9660004e-001
-9.9941732e-001
-9.9973921e-001
-9.9989621e-001
-9.9980749e-001
-9.9973624e-001
-9.9983963e-001
-9.9992852e-001
-9.9996642e-001
-9.9997762e-001
-9.9999007e-001
-9.9998225e-001
-9.9997095e-001
-9.9995713e-001
-9.9996406e-001
-9.9997927e-001
-9.9998091e-001
-9.9998741e-001
-9.9998974e-001
-9.9998269e-001
-9.7919036e-001
-9.9959343e-001
-9.9973214e-001
-9.9977939e-001
-9.9996521e-001
-9.9998477e-001
-9.9936333e-001
-9.9843179e-001
-9.9871506e-001
-9.9944680e-001
-9.9971283e-001
-9.9990122e-001
-9.9982129e-001
-9.9972166e-001
-9.9979927e-001
-9.9989432e-001
-6.0834620e-001
-9.9214427e-001
-9.9857214e-001
-9.9967818e-001
-9.9995354e-001
-9.9992845e-001
-9.9973645e-001
-9.9974153e-001
-9.9989712e-001
-9.9992244e-001
-9.9995973e-001
-9.9989261e-001
-9.9986081e-001
-9.9992091e-001
-9.9993770e-001
-9.9990371e-001
-9.9978686e-001
-9.9853473e-001
-9.9910678e-001
-9.9937253e-001
-9.9944377e-001
-9.9963821e-001
-9.9991754e-001
-9.9987074e-001
-9.9975044e-001
-9.9914206e-001
-9.9843921e-001
-9.9847432e-001
-9.9930205e-001
-9.9986973e-001
-9.9987683e-001
-8.1145325e-001
-7.7641922e-001
-7.5046669e-001
-7.8273873e-001
-8.0185453e-001
-7.8426501e-001
-7.3865636e-001
-7.3434489e-001
-7.6683844e-001
-7.7720860e-001
-7.4601792e-001
-7.1923602e-001
-7.6525634e-001
-7.8714111e-001
-7.7816511e-001
-7.0950246e-001
-6.7058726e-001
-7.1220384e-001
-7.2427057e-001
-6.8838290e-001
-6.4787865e-001
-5.9443411e-001
-6.4397028e-001
-7.0935255e-001
-6.8022425e-001
-6.8789323e-001
-7.4144375e-001
-1.7807265e-001
-2.6716574e-001
-2.2994855e-001
-1.9914033e-001
-1.8134577e-001
-2.5364527e-001
-3.9644590e-001
-4.8173547e-001
-5.4766415e-001
-4.8237023e-001
-3.9468370e-001
-3.4111515e-001
-2.8144501e-001
-2.9591276e-001
-4.7963930e-001
-5.8668857e-001
-6.3772144e-001
-5.7776046e-001
-5.3575757e-001
-5.1259217e-001
-4.7863798e-001
-5.1892116e-001
-7.1230198e-001
-6.5390672e-001
-6.1274931e-001
-6.1016951e-001
-5.0266662e-001
-4.8667536e-001
-5.8841188e-001
-6.7615540e-001
-7.4107224e-001
-7.2499436e-001
-7.5012990e-001
-6.9180999e-001
-6.2562776e-001
-6.4493198e-001
-6.5912316e-001
-6.7730341e-001
-6.8444751e-001
-7.2777018e-001
-7.1900888e-001
-7.0956970e-001
-6.8961520e-001
-6.0479735e-001
-4.9333272e-001
-5.3362426e-001
-6.1524258e-001
-5.9300430e-001
-9.9146759e-001
-9.9400270e-001
-9.9452009e-001
-9.9181759e-001
-9.9457686e-001
-9.9503132e-001
-9.9617373e-001
-9.9976612e-001
-9.9955948e-001
-9.9929428e-001
-9.9951682e-001
-9.9979156e-001
-9.9817344e-001
-9.9744017e-001
-9.9865492e-001
-9.9417608e-001
-9.9417620e-001
-9.9942548e-001
-9.9995513e-001
-9.9988692e-001
-9.8384455e-001
-9.9344465e-001
-9.9923427e-001
-9.9980818e-001
-9.9951622e-001
-9.9943607e-001
-9.9971577e-001
-9.9981058e-001
-9.9975080e-001
-9.9964982e-001
-9.9953230e-001
-9.9967904e-001
-9.9990547e-001
-9.9993432e-001
-9.9987728e-001
-9.9659203e-001
-9.9979567e-001
-9.9992560e-001
-9.9989844e-001
-9.9993629e-001
-9.9997869e-001
-9.9999533e-001
-9.9999875e-001
-9.9999275e-001
-9.9999072e-001
-9.9999493e-001
-9.9999648e-001
-9.9998835e-001
-9.9986665e-001
-9.9996105e-001
-9.9994954e-001
-9.9972066e-001
-9.9968990e-001
-9.9942901e-001
-9.9930099e-001
-9.9959970e-001
-9.9925099e-001
-9.9916880e-001
-9.9968145e-001
-9.9994737e-001
-9.9993687e-001
-9.9993244e-001
-9.9996480e-001
-9.9997967e-001
-9.9993802e-001
-6.8075872e-001
-9.9385443e-001
-9.9942171e-001
-9.9982331e-001
-9.9976332e-001
-9.9980453e-001
-9.9979395e-001
-9.9980681e-001
-9.9993493e-001
-9.9989257e-001
-9.9965360e-001
-9.9865796e-001
-9.9885824e-001
-9.9988901e-001
-9.9991859e-001
-9.9990396e-001
-9.9957502e-001
-9.9941660e-001
-9.9627198e-001
-9.9023699e-001
-9.9977527e-001
-9.9991435e-001
-9.9991723e-001
-9.9995787e-001
-9.9991858e-001
-9.9992064e-001
-9.9996711e-001
-9.9995260e-001
-9.9994084e-001
-9.9995417e-001
-9.9997061e-001
-9.9997871e-001
-9.9998122e-001
-9.9997997e-001
-9.9998612e-001
-9.9996882e-001
-9.9852782e-001
-5.4182471e-001
-5.3206181e-001
-5.7509070e-001
-5.6482101e-001
-5.9031608e-001
-6.4908775e-001
-6.8470264e-001
-7.3207923e-001
-6.9496571e-001
-6.2889820e-001
-6.1941525e-001
-6.5434383e-001
-6.1008919e-001
-5.7690233e-001
-5.8566950e-001
-6.0864826e-001
-6.4508840e-001
-6.3907817e-001
-6.8617269e-001
-7.1538354e-001
-6.3369215e-001
-5.6685810e-001
-5.9291861e-001
-6.4436985e-001
-4.2377601e-001
-4.8802096e-001
-4.7365433e-001
-3.5971397e-001
-4.1831540e-001
-4.1309615e-001
-3.0458055e-001
-3.0730968e-001
-4.0139959e-001
-5.2663679e-001
-4.2677046e-001
-1.7026789e-001
-2.5697563e-001
-2.8762151e-001
-2.7471589e-001
-5.1003097e-001
-5.2453923e-001
-5.8412227e-001
-5.6637947e-001
-5.5131779e-001
-4.5938092e-001
-4.4974596e-001
-5.5156532e-001
-5.4037007e-001
-5.8162529e-001
-5.0337389e-001
-5.3145334e-001
-5.2944365e-001
-5.5494150e-001
-5.7237627e-001
-4.7345182e-001
-6.4496736e-001
-6.0232902e-001
-5.9167880e-001
-6.2324496e-001
-6.4104379e-001
-6.9108141e-001
-6.2740274e-001
-5.7649773e-001
-7.3018868e-001
-6.2941920e-001
-6.0007460e-001
-5.1100635e-001
-4.6265404e-001
-3.5432077e-001
-3.3837645e-001
-4.6495158e-001
-5.3424125e-001
-9.9961941e-001
-9.9987282e-001
-9.9803732e-001
-9.9725304e-001
-9.9914607e-001
-9.9986842e-001
-9.9984941e-001
-9.9995908e-001
-9.9998386e-001
-9.9998684e-001
-9.9998427e-001
-9.9998818e-001
-9.9998624e-001
-9.9995964e-001
-9.9993897e-001
-9.9995310e-001
-9.9997601e-001
-9.9996121e-001
-9.9920080e-001
-9.9992714e-001
-9.9988096e-001
-9.9987891e-001
-9.9996636e-001
-9.9996726e-001
-9.9996799e-001
-9.9996564e-001
-9.9997358e-001
-9.9998269e-001
-9.9996589e-001
-9.9995231e-001
-9.9996374e-001
-9.9996476e-001
-9.9976567e-001
-9.9798360e-001
-9.9985411e-001
-9.9981981e-001
-9.9955751e-001
-9.9960792e-001
-9.9990208e-001
-9.9995804e-001
-9.9995958e-001
-9.9997202e-001
-9.9997315e-001
-9.9997273e-001
-9.9990135e-001
-9.9985803e-001
-9.9991396e-001
-9.9996178e-001
-9.9996940e-001
-9.9993174e-001
-9.9994558e-001
-9.9997378e-001
-9.9993579e-001
-9.9994520e-001
-9.9995577e-001
-9.9995886e-001
-9.9995294e-001
-9.9996503e-001
-9.9998440e-001
-9.9996945e-001
-9.9994565e-001
-9.9993262e-001
-9.9994140e-001
-9.9996644e-001
-9.9997228e-001
-9.9996550e-001
-9.9996915e-001
-9.9857453e-001
-9.9970992e-001
-9.9948341e-001
-9.9942819e-001
-9.9952484e-001
-9.9949008e-001
-9.9922690e-001
-9.9902404e-001
-9.9923753e-001
-9.9954116e-001
-9.9970706e-001
-9.9968093e-001
-9.9962134e-001
-9.9951055e-001
-9.9931340e-001
-9.9918434e-001
-9.9930046e-001
-9.9927661e-001
-9.9893778e-001
-9.9947968e-001
-9.9771837e-001
-9.9756978e-001
-9.9932187e-001
-9.9971565e-001
-9.9987567e-001
-9.9979312e-001
-9.9982467e-001
-9.9989627e-001
-9.9990078e-001
-9.9987216e-001
-9.9982289e-001
-9.9976383e-001
-9.9976990e-001
-9.9977405e-001
-9.9974714e-001
-9.9975248e-001
-9.0154507e-001
-8.8905404e-001
-8.7464297e-001
-8.5997451e-001
-8.6648283e-001
-8.7562158e-001
-8.6695759e-001
-8.5384749e-001
-8.5517956e-001
-8.4401572e-001
-8.1797071e-001
-8.1573790e-001
-8.2007106e-001
-8.1897657e-001
-8.6710961e-001
-8.5413649e-001
-8.5367028e-001
-8.6115068e-001
-8.5853833e-001
-8.6310283e-001
-8.3991341e-001
-8.3100637e-001
-8.4180574e-001
-8.3282322e-001
-8.2452324e-001
-8.1711726e-001
-8.1628666e-001
-8.3360806e-001
-5.1504415e-001
-4.9632702e-001
-5.2139328e-001
-5.4534059e-001
-5.2371464e-001
-3.4232627e-001
-4.7201077e-001
-5.9277644e-001
-5.6270502e-001
-6.4602194e-001
-7.0341503e-001
-6.1097612e-001
-5.1410587e-001
-6.4357470e-001
-6.6103546e-001
-5.5450674e-001
-6.0549027e-001
-5.7324021e-001
-5.0369006e-001
-6.6812109e-001
-7.4730941e-001
-6.0871939e-001
-5.0932118e-001
-5.3802223e-001
-5.5422658e-001
-5.8775407e-001
-5.7935805e-001
-7.5276248e-001
-7.5961473e-001
-8.0992492e-001
-8.1780387e-001
-7.9484025e-001
-8.0637938e-001
-7.9566065e-001
-7.6323980e-001
-7.2154806e-001
-7.9041582e-001
-7.8367999e-001
-8.0727103e-001
-8.2732034e-001
-7.9552787e-001
-8.1964704e-001
-8.1949458e-001
-7.8776823e-001
-7.9395219e-001
-7.6162312e-001
-7.9419721e-001
-7.5170681e-001
-7.3855429e-001
-8.0559412e-001
-8.2209830e-001
-8.0888592e-001
-8.0843059e-001
-7.9401054e-001
-8.0117488e-001
-8.0030556e-001
-9.9870085e-001
-9.9941221e-001
-9.9920744e-001
-9.9922786e-001
-9.9989179e-001
-9.9994902e-001
-9.9996416e-001
-9.9997932e-001
-9.9997567e-001
-9.9997899e-001
-9.9994088e-001
-9.9992226e-001
-9.9994703e-001
-9.9996475e-001
-9.9995723e-001
-9.9995391e-001
-9.9977021e-001
-9.9976517e-001
-9.9995084e-001
-9.9281198e-001
-9.9893134e-001
-9.9986432e-001
-9.9992564e-001
-9.9994941e-001
-9.9995372e-001
-9.9996590e-001
-9.9997027e-001
-9.9996645e-001
-9.9992328e-001
-9.9992726e-001
-9.9996202e-001
-9.9992886e-001
-9.9993693e-001
-9.9994614e-001
-9.9994611e-001
-9.9989459e-001
-9.9799877e-001
-9.9931798e-001
-9.9986973e-001
-9.9994106e-001
-9.9995506e-001
-9.9995478e-001
-9.9996553e-001
-9.9997400e-001
-9.9997297e-001
-9.9996901e-001
-9.9996854e-001
-9.9992168e-001
-9.9991659e-001
-9.9996579e-001
-9.9703122e-001
-9.9976098e-001
-9.9990619e-001
-9.9993691e-001
-9.9994362e-001
-9.9991158e-001
-9.9988590e-001
-9.9990974e-001
-9.9993173e-001
-9.9993905e-001
-9.9994744e-001
-9.9996495e-001
-9.9996408e-001
-9.9994861e-001
-9.9992134e-001
-9.9993970e-001
-9.9997152e-001
-9.9996989e-001
-9.9995545e-001
-9.9994494e-001
-9.9348122e-001
-9.9892467e-001
-9.9935262e-001
-9.9899299e-001
-9.9851024e-001
-9.9898270e-001
-9.9917062e-001
-9.9914135e-001
-9.9909543e-001
-9.9906687e-001
-9.9908206e-001
-9.9892465e-001
-9.9929763e-001
-9.9981033e-001
-9.9988228e-001
-9.9979530e-001
-9.9979038e-001
-9.9970743e-001
-9.2664247e-001
-9.9849524e-001
-9.9936835e-001
-9.9932300e-001
-9.9933847e-001
-9.9959428e-001
-9.9969326e-001
-9.9973312e-001
-9.9934595e-001
-9.9925898e-001
-9.9962522e-001
-9.9941014e-001
-9.9947397e-001
-9.9983150e-001
-9.9968674e-001
-9.9967470e-001
-9.9974726e-001
-9.9969235e-001
-8.9959894e-001
-8.6858826e-001
-8.4217770e-001
-8.5501131e-001
-8.5922581e-001
-8.5443385e-001
-8.6329553e-001
-8.6094907e-001
-8.8606642e-001
-8.8854749e-001
-8.4856409e-001
-8.2405849e-001
-8.2428272e-001
-8.2697592e-001
-8.7683649e-001
-8.6643902e-001
-8.6780893e-001
-8.5443636e-001
-8.6633414e-001
-8.7498589e-001
-8.6666696e-001
-8.5705359e-001
-8.4740512e-001
-8.3996886e-001
-8.4526630e-001
-8.6514157e-001
-8.7859455e-001
-9.1592084e-001
-9.1644347e-001
-9.2268616e-001
-5.4275110e-001
-5.1883383e-001
-5.5762577e-001
-5.9606986e-001
-5.4789268e-001
-6.0650461e-001
-6.8047559e-001
-6.2516728e-001
-5.9711507e-001
-5.9326597e-001
-5.2351490e-001
-5.3693817e-001
-5.8864973e-001
-5.5937873e-001
-5.4874945e-001
-6.3060848e-001
-6.4704210e-001
-5.2835282e-001
-5.3299985e-001
-7.9167394e-001
-7.6136253e-001
-7.9354683e-001
-7.9167913e-001
-7.6056387e-001
-7.9013181e-001
-8.0410390e-001
-7.7451540e-001
-7.6871845e-001
-7.6166950e-001
-7.9411775e-001
-7.5893325e-001
-7.6856872e-001
-7.8686667e-001
-7.5974099e-001
-7.4229851e-001
-7.6244195e-001
-7.6657041e-001
-7.5962797e-001
-7.9582548e-001
-5.8798464e-001
-5.5352713e-001
-5.6052808e-001
-6.6504409e-001
-6.5295878e-001
-5.3790195e-001
-5.6412385e-001
-5.6892046e-001
-5.6518380e-001
-7.8273623e-001
-7.7819833e-001
-7.6977739e-001
-7.8313666e-001
-7.8908494e-001
-7.4491297e-001
-7.5595795e-001
-7.7292462e-001
-7.6926579e-001
-7.7115988e-001
