1.8085150e-004
1.0937520e-003
3.5312660e-003
-1.7723520e-003
8.7476850e-005
5.2516130e-004
-3.6548560e-003
3.7759960e-003
6.2000040e-003
-1.6493680e-003
5.3247010e-003
-8.3413180e-004
-1.6079830e-003
-4.6266860e-004
1.5366500e-002
2.4404640e-003
1.0470180e-003
5.9122610e-004
2.3955650e-003
-3.3065770e-004
1.1104510e-003
8.5790720e-005
3.2537260e-004
-3.7045760e-003
2.0355700e-003
6.5295810e-004
6.0028830e-004
-8.8855330e-002
-2.1909970e-002
8.0805860e-003
-5.5952740e-004
8.6521950e-004
-1.3991800e-001
-3.8695950e-002
1.9937420e-002
-2.6202340e-003
-1.1717060e-004
-3.0169720e-003
-3.1172060e-003
-6.4985990e-003
-3.9656720e-003
7.0169360e-003
5.7508210e-003
2.0883810e-003
-3.9115330e-005
3.5865740e-003
3.2147880e-003
-3.1175330e-003
1.1417170e-003
5.3116970e-004
4.8534920e-003
7.1580130e-002
1.5649600e-002
-1.0066660e-002
2.1432250e-003
2.9882320e-004
-7.4034020e-004
2.2875410e-003
-1.1098840e-003
1.9943990e-003
-4.7159950e-003
-9.3749710e-004
-1.3171530e-003
4.3158180e-003
-3.9048830e-001
5.6512330e-003
1.3032810e-002
-1.7470550e-003
-1.7293990e-001
5.6367220e-002
3.4341860e-002
-1.3781690e-001
-5.1703080e-002
9.8429700e-003
4.0271400e-003
-3.6369300e-003
6.4755120e-003
4.2366230e-003
3.7679840e-001
4.2336710e-001
1.4786720e-002
-1.8217780e-002
2.1073930e-001
3.8727710e-001
-2.7458230e-001
4.4973440e-001
4.7932320e-002
2.5927850e-001
-2.1733130e-001
-1.3010710e-001
1.5426490e-001
4.7948560e-001
-3.2747630e-001
3.9096120e-001
-1.8837790e-001
-1.0368960e-001
3.2915360e-001
3.9925210e-001
-4.3826900e-002
-7.0642020e-003
-4.5924560e-001
4.0353060e-001
-2.4753800e-001
-1.1384150e-002
-7.2147090e-002
-2.6089260e-001
-1.7352650e-001
2.7184560e-001
-2.9759730e-001
3.6515090e-002
-8.1184900e-002
-3.7695430e-001
2.7110860e-001
-3.1087490e-001
1.2701830e-001
4.2496660e-001
-3.3304250e-001
9.2028370e-002
-2.9063880e-001
-1.9327410e-001
-7.5246160e-002
2.7826590e-002
1.3361210e-001
3.5631970e-001
-1.7478750e-001
-2.1558450e-001
-1.3981020e-001
3.2786090e-002
-1.5714270e-001
-1.6465660e-001
-1.9595240e-001
-2.1946050e-001
-1.8877880e-001
-2.4125360e-001
-2.9582150e-001
4.8820410e-002
6.5794370e-001
-4.6965110e-001
-3.3188720e-001
9.4033240e-001
-5.0335140e-001
-2.7585350e-001
-2.2227230e-001
5.0716460e-001
-2.0159290e-001
-1.7532380e-001
7.4912400e-001
-2.6967360e-001
-2.8973010e-001
-4.5658370e-001
-8.8819590e-002
-3.5269430e-002
1.9624070e-001
7.8185810e-002
2.1824930e-001
2.3536750e-001
1.6870160e-001
2.5235990e-001
-5.2388490e-001
-3.3670990e-001
-2.2535370e-001
-3.1954310e-001
-3.3096640e-001
-3.7687920e-001
-2.1789490e-002
1.2395850e-002
3.2513520e-002
-2.0233540e-001
-2.1649690e-001
-3.0480100e-001
-3.0945080e-001
-2.5436190e-001
-1.9816460e-001
-1.4813740e-002
5.7903480e-001
6.2861630e-001
-2.3750470e-002
1.9489130e-003
2.7100760e-004
5.7806580e-004
2.9589070e-003
-8.3716540e-003
1.0564750e-003
-1.2815860e-003
3.8384740e-003
-1.8097080e-003
6.7615460e-003
-8.3976570e-004
1.0721830e-003
-5.6284950e-003
2.9851160e-002
6.9923740e-003
-1.1266120e-003
-4.8634430e-004
5.6994000e-005
3.3253090e-003
-2.7972670e-003
-1.1252800e-003
-2.7044040e-003
5.0436480e-004
-1.7311960e-003
3.9996530e-004
-5.9090370e-002
9.0877260e-003
6.5122790e-003
2.8619640e-004
2.6204230e-003
-2.7738480e-004
2.0981040e-003
-4.8275880e-004
8.2107430e-004
-2.6471200e-003
-3.5108490e-003
4.5778380e-004
2.8814230e-002
5.2609170e-003
-1.7224070e-003
6.4455540e-003
-2.8073870e-003
-3.7071820e-003
9.3043200e-004
-2.3347000e-003
-3.1458310e-004
2.0347490e-004
5.3364700e-003
2.6508150e-002
-5.7296720e-003
2.7154680e-003
-3.5893060e-003
-6.6080420e-004
-2.9623430e-003
-1.5247720e-003
-2.0817630e-004
1.8962250e-003
-8.2345540e-004
6.5274120e-003
-1.5872620e-003
-7.4654720e-002
-8.4169020e-002
-1.9856830e-002
-2.0443360e-002
-6.2990320e-004
1.2615240e-002
-7.9255800e-003
7.4613750e-003
1.7815060e-003
-3.7160450e-003
-4.1758790e-002
-2.5445380e-001
-1.4023290e-001
-1.3782080e-001
4.1759040e-001
4.3716420e-001
-1.6704600e-003
-2.2593310e-001
6.7119820e-003
-5.5723160e-002
1.0336510e-002
-8.6328960e-002
2.5362320e-001
-3.0343290e-001
-1.7269870e-001
2.3323730e-001
-2.9902250e-001
-2.6842690e-001
-9.6299090e-003
-1.0686970e-002
2.5792950e-001
7.1657250e-002
-3.1954210e-001
-1.2977920e-001
-1.0260940e-001
4.0059470e-001
3.9185520e-001
5.5685970e-003
-1.2921020e-001
3.5625650e-002
1.6959960e-003
1.2321840e-001
9.2045710e-002
-1.2066410e-001
-3.0714650e-001
-1.4888860e-001
-4.4590100e-001
-9.9210380e-002
-1.5554970e-001
-3.1681970e-002
2.2030100e-002
1.1057830e-001
-1.3891680e-001
1.5736310e-001
-3.1274550e-001
-1.1264880e-001
3.4428320e-001
-4.0017020e-001
-8.5317260e-002
6.1474230e-002
4.5970250e-002
8.9850940e-002
-1.9586490e-001
-2.0628420e-001
1.0092320e-001
1.5464020e-001
3.0078460e-003
-2.2854660e-001
-1.3051470e-001
2.3864720e-001
-3.4441960e-002
-3.1628180e-001
-3.8307370e-002
-2.0833930e-002
2.1586830e-001
5.7668680e-001
3.3693240e-001
-2.7865580e-002
1.3498210e-001
4.4154400e-001
3.5314680e-001
7.6464740e-002
-2.3480270e-002
3.1606280e-001
-9.1199280e-003
7.0068910e-003
-4.8281240e-002
1.2196470e-001
2.1721180e-001
1.5456290e-001
3.0494730e-001
-8.3382940e-003
3.6164840e-002
1.6540120e-001
-4.5759350e-001
2.8475870e-001
7.9869150e-001
-1.2656440e-001
-2.8447160e-001
6.1612920e-002
5.8090970e-001
-3.9390210e-001
-9.5028790e-002
1.0641010e-001
3.6466300e-001
-1.3118120e-001
-1.5780290e-001
-4.6719550e-001
-4.5380550e-002
9.4350080e-001
-4.9573220e-002
-7.4039980e-002
6.9511780e-003
8.8050050e-004
-1.2196720e-003
1.0578500e-002
1.6595670e-002
-2.3708300e-002
3.0445860e-003
1.9189260e-002
-1.4208430e-002
-2.4287590e-002
-4.0938140e-002
1.4235630e-002
-1.1586060e-002
-5.0866650e-003
8.6548610e-002
3.2866960e-002
-7.1781300e-003
2.9778860e-003
-8.7029190e-003
1.5753360e-003
2.2549630e-003
-7.6647150e-003
2.2484650e-003
-1.3981260e-003
1.0025490e-003
-3.1618060e-003
2.0699080e-004
2.0446130e-003
-2.5931840e-003
7.3740110e-002
-1.4736450e-002
-2.0768430e-003
3.0081100e-003
-2.9576980e-003
-1.0659800e-003
-3.0214060e-003
-1.8661240e-002
-1.2935250e-001
-9.3070790e-002
4.9827740e-003
6.6938180e-003
4.6530780e-002
6.9789780e-003
-2.4631110e-003
-2.4581410e-003
2.6335460e-003
-6.3125960e-003
-2.0429120e-003
4.4487840e-003
2.1082140e-003
2.1747720e-003
2.5085260e-003
-3.4229160e-003
2.2640270e-003
6.2212410e-003
-9.4270520e-002
4.3955460e-003
-8.8201890e-003
2.4181800e-003
-1.3117750e-003
1.9814020e-003
4.9042330e-003
-1.8123980e-003
-1.6123410e-003
1.6130370e-002
-1.6594580e-003
2.8061730e-002
2.6347590e-003
4.0306880e-003
2.7794540e-002
-1.4145840e-002
-2.7568780e-003
-2.1297530e-003
-3.0749760e-003
-1.2797130e-003
-4.1912940e-003
-1.3538760e-003
-5.8370840e-004
3.3125670e-003
-2.1825220e-004
1.1216720e-002
-4.7189860e-003
-3.6244820e-003
-1.6920420e-004
-2.9312770e-003
-1.1627000e-002
-8.6953030e-002
1.0215950e-001
8.8703630e-002
2.8811190e-002
1.1870170e-001
1.1001830e-001
1.7924540e-001
-2.1582940e-002
-2.3500090e-001
-2.6439650e-001
-1.2941460e-001
-1.7827280e-001
-1.5231680e-001
-1.5561220e-001
-5.2427470e-004
-6.4596870e-002
-1.2630780e-001
3.2391640e-001
1.2429090e-001
6.4426990e-001
5.3522090e-001
-1.1379040e-001
-1.9006480e-001
-5.9342230e-002
3.8150480e-001
-1.4692220e-002
5.3737120e-003
-2.6317160e-001
-1.1601330e-001
-9.1673770e-002
-6.2661870e-002
-1.5276410e-001
-3.8365470e-001
-1.0605090e-001
-3.0490310e-002
-2.9484750e-001
-5.2038820e-002
-3.7754250e-002
-1.3995600e-001
-2.2860310e-001
4.2990200e-001
-1.7950350e-001
-3.0815060e-001
-2.3896470e-001
-2.0663120e-001
-2.3731940e-002
3.5998320e-001
6.1322570e-001
5.4501690e-002
-6.8148880e-002
-3.7530400e-001
-4.9810300e-001
-4.5997790e-002
6.9010420e-002
1.5848670e-001
1.1681380e-001
9.4835770e-002
-7.7645480e-002
8.5735000e-002
2.9965550e-002
-1.1145750e-002
-6.4710640e-002
1.0174110e-001
9.2875980e-002
4.5658850e-001
